=== by decade (median) ===
dec	range	size	nodes	decoys	dec/cell	meanBr	brHalf1	forced	maxGap	gapSD	gapCV	walls	wallFlag	corridor%	junction	nFlags	density
dec1	1-10	4	157	6	0.4	1.4	1.56	0.67	6	1.11	0.22	1	0	0.28	3.5	4	0.25
dec2	11-20	5	378.5	10.5	0.44	1.44	1.71	0.65	6.5	1.19	0.24	1.5	0	0.2	7	6	0.24
dec3	21-30	5	486	10	0.42	1.42	1.63	0.67	7	1.47	0.31	3	2	0.28	6	6	0.24
dec4	31-40	5	839	13	0.44	1.44	1.6	0.63	8	1.72	0.34	3	1	0.2	8.5	7	0.22
dec5	41-50	6	1107	15	0.43	1.43	1.58	0.63	8	1.77	0.35	4	1	0.17	11	8	0.22
dec6	51-60	6	3800.5	17	0.49	1.49	1.67	0.61	8	1.69	0.31	3.5	1.5	0.19	12	8	0.22
dec7	61-70	6	6070.5	17	0.49	1.49	1.67	0.54	8	1.57	0.28	3	1.5	0.17	12	7	0.19
dec8	71-80	7	14742.5	24.5	0.51	1.51	1.69	0.58	9	1.94	0.32	5.5	1.5	0.17	19.5	9	0.18
dec9	81-90	7	33565	25	0.52	1.52	1.71	0.58	9	1.86	0.3	5.5	1	0.16	19	9	0.18
dec10	91-100	7	125562.5	26.5	0.55	1.55	1.73	0.54	10	2.05	0.31	4	2	0.13	18.5	8	0.16

=== boundary check: last 5 of a size block vs first 5 of the next ===
4x4 #6-10 vs 5x5 #11-15: nodes 169 -> 353 | decoys 6 -> 9 | dec/cell 0.4 -> 0.375 | meanBr 1.4 -> 1.38 | maxGap 7 -> 6
5x5 #31-35 vs 6x6 #36-40: nodes 628 -> 1019 | decoys 10 -> 16 | dec/cell 0.417 -> 0.457 | meanBr 1.42 -> 1.46 | maxGap 8 -> 7
6x6 #66-70 vs 7x7 #71-75: nodes 9014 -> 10162 | decoys 18 -> 23 | dec/cell 0.514 -> 0.479 | meanBr 1.51 -> 1.48 | maxGap 8 -> 9

=== within-size halves (early half vs late half of the block) ===
4x4 n=10: nodes 114 -> 169 | decoys 6 -> 6 | dec/cell 0.4 -> 0.4 | meanBr 1.4 -> 1.4 | forced 0.67 -> 0.73
5x5 n=25: nodes 359 -> 564 | decoys 10.5 -> 10 | dec/cell 0.4375 -> 0.417 | meanBr 1.44 -> 1.42 | forced 0.65 -> 0.67
6x6 n=35: nodes 1119 -> 4730.5 | decoys 15 -> 17 | dec/cell 0.429 -> 0.486 | meanBr 1.43 -> 1.49 | forced 0.63 -> 0.57
7x7 n=30: nodes 19912 -> 90640 | decoys 25 -> 26 | dec/cell 0.521 -> 0.542 | meanBr 1.52 -> 1.54 | forced 0.58 -> 0.56

=== ranges per size (min/median/max) ===
4x4 nodes          min 76 | p25 114 | med 157 | p75 197 | max 321
4x4 decoys         min 5 | p25 5 | med 6 | p75 6 | max 7
4x4 decoyPerCell   min 0.333 | p25 0.333 | med 0.4 | p75 0.4 | max 0.467
4x4 meanBranch     min 1.33 | p25 1.33 | med 1.4 | p75 1.4 | max 1.47
4x4 maxGap         min 6 | p25 6 | med 6 | p75 7 | max 9
4x4 walls          min 0 | p25 0 | med 1 | p75 1 | max 1
4x4 corridorShare  min 0.25 | p25 0.25 | med 0.28 | p75 0.31 | max 0.38

5x5 nodes          min 128 | p25 353 | med 442 | p75 779 | max 1221
5x5 decoys         min 8 | p25 9 | med 10 | p75 11 | max 12
5x5 decoyPerCell   min 0.333 | p25 0.375 | med 0.42 | p75 0.458 | max 0.5
5x5 meanBranch     min 1.33 | p25 1.38 | med 1.42 | p75 1.46 | max 1.5
5x5 maxGap         min 6 | p25 7 | med 7 | p75 8 | max 10
5x5 walls          min 1 | p25 2 | med 3 | p75 3 | max 3
5x5 corridorShare  min 0.16 | p25 0.2 | med 0.24 | p75 0.28 | max 0.32

6x6 nodes          min 811 | p25 1372 | med 2573 | p75 4769 | max 12896
6x6 decoys         min 14 | p25 16 | med 16 | p75 17 | max 20
6x6 decoyPerCell   min 0.4 | p25 0.457 | med 0.46 | p75 0.486 | max 0.571
6x6 meanBranch     min 1.4 | p25 1.46 | med 1.46 | p75 1.49 | max 1.57
6x6 maxGap         min 6 | p25 7 | med 8 | p75 9 | max 10
6x6 walls          min 2 | p25 3 | med 3 | p75 4 | max 4
6x6 corridorShare  min 0.11 | p25 0.17 | med 0.17 | p75 0.19 | max 0.22

7x7 nodes          min 3574 | p25 19912 | med 33565 | p75 90640 | max 218881
7x7 decoys         min 22 | p25 25 | med 25 | p75 27 | max 29
7x7 decoyPerCell   min 0.458 | p25 0.521 | med 0.52 | p75 0.563 | max 0.604
7x7 meanBranch     min 1.46 | p25 1.52 | med 1.52 | p75 1.56 | max 1.6
7x7 maxGap         min 7 | p25 9 | med 9 | p75 10 | max 11
7x7 walls          min 3 | p25 4 | med 5 | p75 6 | max 6
7x7 corridorShare  min 0.08 | p25 0.12 | med 0.14 | p75 0.18 | max 0.22

=== correlation with log(solverNodes) ===
decoys           r=0.95
decoyPerCell     r=0.82
meanBranch       r=0.81
br1stHalf        r=0.43
forcedRatio      r=-0.67
maxGap           r=0.64
gapSD            r=0.24
gapCV            r=-0.04
walls            r=0.68
wallFlag         r=0.37
nFlags           r=0.80
turns            r=0.76
density          r=-0.86
corridorShare    r=-0.71
junctionCells    r=0.90
flagEdge         r=0.14
flagCorner       r=0.01

=== correlation with decoys (human-ish effort proxy) ===
nodes            r=0.61
maxGap           r=0.65
gapSD            r=0.24
walls            r=0.74
wallFlag         r=0.41
nFlags           r=0.90
turns            r=0.82
corridorShare    r=-0.73
junctionCells    r=0.96
forcedRatio      r=-0.69

=== per-level dump ===
id	size	nFlags	density	meanGap	minGap	maxGap	gapSD	gapCV	turns	decoys	dec/cell	meanBr	brHalf1	forced	walls	wallFlag	wallPath	corridor%	junction	nodes	startCorner	flagCorner	flagEdge
1	4	4	0.25	5	4	6	0.82	0.163	8	5	0.333	1.33	1.38	0.67	0	0	0	0.25	4	112	0	0	3
2	4	4	0.25	5	4	6	0.82	0.163	9	7	0.467	1.47	1.88	0.67	0	0	0	0.25	4	321	0	1	3
3	4	4	0.25	5	4	6	0.82	0.163	7	5	0.333	1.33	1.38	0.67	1	0	1	0.31	3	76	0	1	3
4	4	4	0.25	5	4	6	0.82	0.163	9	6	0.4	1.4	1.5	0.73	1	0	1	0.38	4	114	0	1	2
5	4	4	0.25	5	4	6	0.82	0.163	10	6	0.4	1.4	1.63	0.67	1	0	1	0.25	2	197	0	1	3
6	4	4	0.25	5	3	6	1.41	0.283	9	7	0.467	1.47	1.75	0.67	1	1	1	0.31	3	239	0	1	2
7	4	4	0.25	5	3	7	1.63	0.327	7	5	0.333	1.33	1.63	0.73	1	0	1	0.31	3	130	0	1	2
8	4	4	0.25	5	3	7	1.63	0.327	11	6	0.4	1.4	1.5	0.73	1	1	1	0.25	2	169	0	0	3
9	4	4	0.25	5	3	8	2.16	0.432	7	5	0.333	1.33	1.63	0.73	0	0	0	0.25	4	145	0	0	2
10	4	4	0.25	5	3	9	2.83	0.566	10	6	0.4	1.4	1.5	0.67	1	0	1	0.38	4	174	1	1	4
11	5	6	0.24	4.8	3	6	1.17	0.243	14	11	0.458	1.46	1.83	0.67	1	0	1	0.16	7	392	0	1	4
12	5	6	0.24	4.8	3	6	1.17	0.243	10	9	0.375	1.38	1.5	0.71	2	1	2	0.28	8	353	0	0	3
13	5	6	0.24	4.8	3	6	1.17	0.243	12	11	0.458	1.46	1.58	0.58	1	0	1	0.16	7	890	0	2	3
14	5	6	0.24	4.8	2	6	1.47	0.306	11	9	0.375	1.38	1.75	0.79	3	3	3	0.28	7	128	0	1	4
15	5	6	0.24	4.8	3	6	1.17	0.243	14	9	0.375	1.38	1.5	0.67	3	0	3	0.24	5	343	0	3	4
16	5	5	0.2	6	4	7	1.22	0.204	10	12	0.5	1.5	2	0.63	1	1	1	0.16	7	779	0	0	3
17	5	6	0.24	4.8	3	7	1.83	0.382	10	10	0.417	1.42	1.75	0.67	2	0	2	0.2	6	365	0	1	4
18	5	6	0.24	4.8	3	7	1.47	0.306	10	12	0.5	1.5	1.92	0.63	1	0	1	0.16	7	875	0	1	3
19	5	5	0.2	6	5	7	0.71	0.118	19	12	0.5	1.5	1.67	0.54	1	0	1	0.2	8	1221	0	0	2
20	5	6	0.24	4.8	2	7	1.72	0.358	14	9	0.375	1.38	1.5	0.63	3	2	3	0.2	4	255	0	0	1
21	5	6	0.24	4.8	4	7	1.17	0.243	14	11	0.458	1.46	1.67	0.58	3	2	3	0.28	6	337	0	0	4
22	5	6	0.24	4.8	3	7	1.47	0.306	13	9	0.375	1.38	1.42	0.67	3	2	3	0.28	6	343	0	1	4
23	5	5	0.2	6	5	7	1	0.167	16	10	0.417	1.42	1.58	0.67	3	1	3	0.28	6	442	0	1	3
24	5	6	0.24	4.8	3	7	1.47	0.306	15	12	0.5	1.5	1.83	0.63	3	2	3	0.24	5	607	0	1	4
25	5	6	0.24	4.8	1	7	2.71	0.565	10	8	0.333	1.33	1.67	0.75	3	1	3	0.24	5	564	0	1	4
26	5	6	0.24	4.8	3	8	1.83	0.382	10	10	0.417	1.42	1.83	0.67	2	0	2	0.2	6	263	0	0	4
27	5	6	0.24	4.8	3	8	1.72	0.358	12	12	0.5	1.5	1.58	0.54	2	2	2	0.28	9	428	0	0	4
28	5	6	0.24	4.8	1	7	2.14	0.445	14	10	0.417	1.42	1.58	0.71	3	2	3	0.32	7	1053	1	2	4
29	5	5	0.2	6	4	8	1.41	0.236	11	10	0.417	1.42	1.5	0.63	2	0	2	0.24	7	677	0	2	4
30	5	5	0.2	6	5	8	1.22	0.204	16	12	0.5	1.5	1.67	0.67	3	2	3	0.28	6	530	0	0	2
31	5	5	0.2	6	4	8	1.58	0.264	13	10	0.417	1.42	1.5	0.67	3	2	3	0.28	6	628	0	0	3
32	5	6	0.24	4.8	1	8	2.48	0.517	14	11	0.458	1.46	1.58	0.58	3	2	3	0.24	6	792	0	1	3
33	5	5	0.2	6	5	8	1.22	0.204	10	9	0.375	1.38	1.75	0.71	3	0	3	0.24	5	870	0	0	3
34	5	6	0.24	4.8	1	9	2.86	0.595	9	11	0.458	1.46	1.58	0.58	3	0	3	0.24	5	431	1	2	5
35	5	5	0.2	6	3	10	2.74	0.456	10	10	0.417	1.42	1.67	0.67	2	0	2	0.2	6	411	0	1	2
36	6	8	0.222	5	3	7	1.51	0.302	15	17	0.486	1.49	1.61	0.6	2	1	2	0.11	12	1418	0	1	4
37	6	8	0.222	5	3	7	1.51	0.302	17	16	0.457	1.46	1.72	0.57	3	2	3	0.17	13	1019	1	1	4
38	6	8	0.222	5	3	7	1.41	0.283	18	16	0.457	1.46	1.61	0.63	4	1	4	0.19	11	867	0	0	5
39	6	8	0.222	5	2	8	1.85	0.37	22	15	0.429	1.43	1.56	0.63	3	2	3	0.17	12	811	0	0	2
40	6	8	0.222	5	3	8	1.85	0.37	20	15	0.429	1.43	1.56	0.63	3	1	3	0.17	12	1374	0	0	4
41	6	7	0.194	5.83	4	8	1.21	0.208	20	14	0.4	1.4	1.44	0.69	4	1	4	0.22	12	1021	0	0	2
42	6	7	0.194	5.83	4	8	1.57	0.27	20	15	0.429	1.43	1.67	0.6	4	0	4	0.19	11	1119	0	1	3
43	6	8	0.222	5	3	9	1.93	0.385	19	15	0.429	1.43	1.56	0.63	3	2	3	0.14	11	847	0	0	3
44	6	8	0.222	5	3	9	2.07	0.414	12	16	0.457	1.46	1.5	0.57	3	0	3	0.11	10	920	0	1	6
45	6	7	0.194	5.83	3	8	1.77	0.304	20	14	0.4	1.4	1.61	0.66	4	1	4	0.17	10	1372	0	0	4
46	6	8	0.222	5	3	8	1.51	0.302	20	14	0.4	1.4	1.5	0.63	4	1	4	0.22	12	1809	0	1	5
47	6	8	0.222	5	2	9	2.73	0.545	18	14	0.4	1.4	1.5	0.66	4	0	4	0.17	10	1095	0	0	5
48	6	8	0.222	5	2	7	1.77	0.355	25	17	0.486	1.49	1.67	0.57	4	2	4	0.17	11	3080	1	3	4
49	6	8	0.222	5	1	8	2.73	0.545	20	17	0.486	1.49	1.61	0.66	3	1	3	0.17	12	2573	0	2	5
50	6	8	0.222	5	3	9	1.77	0.355	22	16	0.457	1.46	1.61	0.57	4	1	4	0.19	11	1094	0	1	4
51	6	7	0.194	5.83	3	8	1.57	0.27	15	14	0.4	1.4	1.5	0.63	4	1	4	0.17	10	2194	0	0	3
52	6	8	0.222	5	3	6	1.07	0.214	17	17	0.486	1.49	1.67	0.6	4	4	4	0.22	12	4279	0	0	4
53	6	8	0.222	5	2	7	1.6	0.321	17	18	0.514	1.51	1.78	0.49	2	1	2	0.11	12	4356	0	1	3
54	6	7	0.194	5.83	3	8	1.77	0.304	21	16	0.457	1.46	1.67	0.63	4	1	4	0.19	11	2486	0	0	3
55	6	8	0.222	5	1	8	2.62	0.524	22	16	0.457	1.46	1.78	0.69	3	0	3	0.19	13	3322	0	0	4
56	6	8	0.222	5	1	9	2.51	0.501	25	18	0.514	1.51	1.61	0.57	4	2	4	0.22	12	2140	0	1	2
57	6	8	0.222	5	3	8	1.51	0.302	18	16	0.457	1.46	1.67	0.63	4	2	4	0.22	12	3151	0	1	5
58	6	7	0.194	5.83	4	7	1.07	0.183	18	18	0.514	1.51	1.61	0.63	3	3	3	0.19	13	4692	0	0	3
59	6	8	0.222	5	1	7	2.07	0.414	13	18	0.514	1.51	1.67	0.51	3	2	3	0.14	11	4953	1	2	5
60	6	8	0.222	5	2	8	1.85	0.37	12	17	0.486	1.49	1.78	0.57	2	1	2	0.17	14	4769	0	1	3
61	6	7	0.194	5.83	3	10	2.48	0.425	15	16	0.457	1.46	1.67	0.63	3	0	3	0.17	12	2809	0	0	2
62	6	8	0.222	5	2	7	1.69	0.338	19	20	0.571	1.57	1.67	0.54	2	1	2	0.14	13	6314	0	1	4
63	6	7	0.194	5.83	2	10	3.08	0.528	18	17	0.486	1.49	1.72	0.54	4	2	4	0.14	9	2427	0	0	3
64	6	7	0.194	5.83	4	8	1.34	0.23	15	16	0.457	1.46	1.78	0.63	4	2	4	0.17	10	4402	0	1	3
65	6	7	0.194	5.83	4	8	1.46	0.251	16	17	0.486	1.49	1.67	0.54	3	2	3	0.17	12	4963	0	1	3
66	6	8	0.222	5	3	7	1.31	0.262	18	20	0.571	1.57	1.67	0.49	2	2	2	0.17	14	7479	0	1	4
67	6	7	0.194	5.83	4	8	1.34	0.23	16	16	0.457	1.46	1.61	0.6	4	2	4	0.17	10	5827	0	1	3
68	6	7	0.194	5.83	2	9	2.79	0.479	22	17	0.486	1.49	1.72	0.63	4	0	4	0.17	10	9014	0	1	6
69	6	7	0.194	5.83	5	7	0.9	0.154	14	19	0.543	1.54	1.78	0.51	2	1	2	0.14	13	12896	0	1	4
70	6	7	0.194	5.83	4	9	1.77	0.304	24	18	0.514	1.51	1.61	0.54	3	1	3	0.19	13	10536	0	1	5
71	7	9	0.184	6	4	10	1.94	0.323	26	22	0.458	1.46	1.5	0.58	6	2	6	0.16	17	3574	0	1	3
72	7	9	0.184	6	4	9	1.87	0.312	27	27	0.563	1.56	1.71	0.56	6	2	6	0.2	19	8949	0	1	4
73	7	9	0.184	6	3	9	2.29	0.382	24	23	0.479	1.48	1.67	0.63	5	1	5	0.12	17	10162	0	0	3
74	7	9	0.184	6	4	7	1	0.167	19	23	0.479	1.48	1.67	0.56	6	1	6	0.14	16	13549	0	1	4
75	7	9	0.184	6	3	10	2.24	0.373	29	24	0.5	1.5	1.63	0.63	5	1	5	0.18	20	13351	0	0	4
76	7	9	0.184	6	3	10	2.12	0.354	23	24	0.5	1.5	1.79	0.63	6	3	6	0.22	20	15936	0	0	4
77	7	9	0.184	6	4	8	1.58	0.264	20	25	0.521	1.52	1.63	0.6	6	2	6	0.22	20	18647	0	1	4
78	7	9	0.184	6	5	8	1	0.167	20	28	0.583	1.58	1.75	0.5	3	1	3	0.12	21	21938	0	1	4
79	7	9	0.184	6	4	10	1.94	0.323	27	25	0.521	1.52	1.71	0.58	5	0	5	0.22	22	19912	0	1	4
80	7	9	0.184	6	3	9	2.4	0.4	32	25	0.521	1.52	1.71	0.58	5	3	5	0.12	17	22182	0	2	4
81	7	9	0.184	6	3	8	2	0.333	32	25	0.521	1.52	1.71	0.63	5	0	5	0.18	20	23231	0	0	4
82	7	8	0.163	6.86	3	11	2.7	0.393	26	24	0.5	1.5	1.79	0.58	5	0	5	0.16	19	22941	0	0	1
83	7	8	0.163	6.86	5	10	1.64	0.239	26	25	0.521	1.52	1.71	0.58	6	1	6	0.16	17	23538	0	0	3
84	7	9	0.184	6	3	8	1.41	0.236	26	26	0.542	1.54	1.71	0.58	5	1	5	0.18	20	29443	0	1	5
85	7	9	0.184	6	4	9	1.73	0.289	20	26	0.542	1.54	1.75	0.52	4	3	4	0.14	20	31938	0	0	3
86	7	8	0.163	6.86	4	9	1.73	0.252	28	23	0.479	1.48	1.67	0.65	6	1	6	0.2	19	35192	0	0	1
87	7	9	0.184	6	3	9	2	0.333	25	27	0.563	1.56	1.71	0.56	6	3	6	0.16	17	36885	0	1	4
88	7	9	0.184	6	4	8	1.32	0.22	21	25	0.521	1.52	1.71	0.58	6	2	6	0.12	15	46711	0	0	4
89	7	9	0.184	6	2	10	2.65	0.441	24	25	0.521	1.52	1.75	0.6	6	3	6	0.18	18	46203	0	0	2
90	7	8	0.163	6.86	4	11	2.1	0.306	21	25	0.521	1.52	1.88	0.58	4	1	4	0.12	19	56533	0	0	3
91	7	9	0.184	6	2	9	2.24	0.373	27	27	0.563	1.56	1.75	0.58	3	2	3	0.16	23	64062	0	1	4
92	7	8	0.163	6.86	4	10	2.23	0.325	20	25	0.521	1.52	1.67	0.6	6	2	6	0.14	16	84239	0	2	3
93	7	8	0.163	6.86	5	10	1.73	0.252	22	27	0.563	1.56	1.71	0.48	3	1	3	0.14	22	90640	0	0	4
94	7	9	0.184	6	3	8	1.5	0.25	16	27	0.563	1.56	1.67	0.44	3	3	3	0.08	19	100342	1	1	4
95	7	9	0.184	6	3	9	1.66	0.276	17	26	0.542	1.54	1.67	0.48	4	3	4	0.08	17	119739	0	1	3
96	7	8	0.163	6.86	5	9	1.36	0.198	24	26	0.542	1.54	1.67	0.52	6	1	6	0.12	15	131386	1	2	4
97	7	8	0.163	6.86	4	10	2.29	0.335	29	25	0.521	1.52	1.75	0.6	6	1	6	0.14	16	173586	0	0	4
98	7	9	0.184	6	4	10	2	0.333	28	29	0.604	1.6	1.79	0.5	4	2	4	0.1	18	181633	0	1	3
99	7	8	0.163	6.86	4	11	2.1	0.306	23	26	0.542	1.54	1.75	0.56	4	2	4	0.14	20	183279	0	1	3
100	7	8	0.163	6.86	3	10	2.17	0.316	21	28	0.583	1.58	1.96	0.56	3	1	3	0.1	20	218881	0	1	4