=== EXP1: flag count ceiling (walls fixed at 0 for 4x4/5x5, 3 for 6x6, 5 for 7x7); N=60 accepted candidates each ===
size	flags	accepted	reject%	nodes_med	nodes_p90	nodes_max	dec/cell_med	dec/cell_p90	dec/cell_max	maxGap_med	maxGap_max	forced_med	turns_med	seedwall
4	3	9	98	369	369	369	0.467	0.467	0.467	9	10	0.667	10	0
4	4	60	85	194	321	381	0.4	0.467	0.467	7	9	0.667	9	0
4	5	60	62	103	149	225	0.4	0.4	0.467	6	8	0.667	9	0
4	6	60	51	70	114	180	0.333	0.4	0.467	5	7	0.733	8	0
4	7	60	39	48	86	170	0.267	0.333	0.4	5	7	0.733	8	0
4	8	60	29	36	61	89	0.267	0.333	0.4	4	6	0.8	8	0

5	5	21	95	958	1785	2666	0.458	0.542	0.542	8	10	0.625	11	2
5	6	47	88	625	1276	1741	0.417	0.458	0.542	7	9	0.667	12	2
5	7	60	74	329	803	1523	0.417	0.458	0.5	6	8	0.667	12	2
5	8	60	72	225	431	679	0.396	0.458	0.5	6	8	0.667	12	2
5	9	60	64	162.5	318	571	0.375	0.417	0.458	5	7	0.667	13	2
5	10	60	49	131	261	630	0.333	0.417	0.5	5	7	0.708	12	2

6	7	12	97	4198	11727	13475	0.514	0.571	0.6	8	10	0.557	18	3
6	8	9	98	2411	5028	10403	0.486	0.514	0.514	7	9	0.6	17	3
6	9	37	91	1704	3578	5391	0.457	0.486	0.571	7	9	0.6	18	3
6	10	37	91	1425	2425	3873	0.457	0.514	0.543	6	8	0.6	18	3
6	11	60	82	722.5	2190	3410	0.429	0.514	0.514	6	8	0.643	18	3
6	12	60	81	545	1198	2320	0.4	0.457	0.543	6	8	0.629	19	3

7	8	0	-	-	-	-	-	-	-	-	-	-
7	9	1	100	38284	38284	38284	0.521	0.521	0.521	9	9	0.583	26	5
7	10	3	99	7130	21032	21032	0.5	0.521	0.521	8	9	0.625	23	5
7	11	5	99	11881	26173	26173	0.5	0.521	0.521	8	9	0.625	25	5
7	12	13	97	5800	13493	23389	0.479	0.5	0.542	8	9	0.583	24	5
7	13	11	97	4189	11021	12225	0.479	0.5	0.521	6	8	0.604	25	5
7	14	17	96	2373	6090	11375	0.458	0.5	0.521	7	8	0.604	24	5

=== EXP2: wall count effect within a size (N=60 accepted each) ===
size	flags	walls	accepted	nodes_med	dec/cell_med	maxGap_med	forced_med
5	6	0	26	861.5	0.458	7	0.625
5	6	2	60	529.5	0.417	7	0.667
5	6	4	60	271	0.375	7	0.708
5	6	6	60	217	0.333	7	0.729
5	6	8	60	128	0.25	7	0.792

6	8	0	4	5411	0.543	7.5	0.543
6	8	2	17	3197	0.486	7	0.6
6	8	4	38	2054.5	0.457	8	0.614
6	8	6	60	1197	0.429	7	0.629
6	8	8	60	896.5	0.371	7.5	0.686
6	8	10	60	511.5	0.343	7	0.686

7	9	2	1	63257	0.563	9	0.563
7	9	4	3	67923	0.563	8	0.542
7	9	6	4	12668	0.542	9	0.615
7	9	8	11	13432	0.479	9	0.583
7	9	10	27	9209	0.458	9	0.625
7	9	12	58	5405	0.417	8	0.646

=== EXP3: sparse flags (maxGap as independent knob), 6x6 and 7x7, walls=3/5 ===
size	flags	target_maxGap	accepted	maxGap_med	nodes_med	nodes_p90	dec/cell_med	forced_med
6	5	0	2	9	14660.5	19072	0.529	0.614
6	5	2	1	10	13798	13798	0.571	0.543
6	5	5	0	-	-	-	-	-

6	6	0	4	7	5082.5	8643	0.543	0.586
6	6	2	3	11	10407	17210	0.543	0.6
6	6	5	8	12	9795.5	14066	0.514	0.6

7	6	0	0	-	-	-	-	-
7	6	2	0	-	-	-	-	-
7	6	5	0	-	-	-	-	-

7	7	0	0	-	-	-	-	-
7	7	2	1	10	76279	76279	0.542	0.542
7	7	5	0	-	-	-	-	-

=== EXP4: 6x6 pushed to the limit: flags x walls grid, best achievable nodes ===
flags	walls	accepted	nodes_med	nodes_p90	nodes_max	dec/cell_max	maxGap_med	turns_med
10	4	40	837.5	1819	4930	0.514	6	19
10	6	40	524.5	881	1388	0.486	6	19
10	8	40	345	858	1524	0.429	7	18.5
11	4	40	660.5	1246	1458	0.514	6	19.5
11	6	40	358	1065	1586	0.457	6	19
11	8	40	300	769	900	0.429	6	18
12	4	40	542.5	1078	1481	0.514	6	19.5
12	6	40	297.5	598	1312	0.457	6	18
12	8	40	248.5	473	716	0.4	6	19
13	4	40	362	1047	2773	0.486	6	20
13	6	40	275	599	1264	0.457	6	20.5
13	8	40	227	398	825	0.4	6	20
14	4	40	272	586	841	0.457	5	19
14	6	40	242	518	1292	0.457	6	18.5
14	8	40	178.5	275	520	0.371	5.5	19

=== EXP5: reference: current levels.json 6x6 / 7x7 stats for comparison ===
6x6 as shipped: nodes med 2573 p90 ~9000 (dec6-7 med 3800-6000); dec/cell 0.40-0.51; 7x7 shipped: nodes med 33565, range 3574-218881