=== HEADROOM: random uniform flag placement vs optimal placement (no walls) ===
size	K	N	d0_max	unif_med	unif_p90	opt_med	opt_max	unif/cell	opt/cell	uniq_ok	uniq_pct	nodes_opt_med	nodes_opt_p90	nodes_opt_max
5	5	40	15	13	15	13	15	0.542	0.542	0	0	269.5	980	2301
5	6	40	15	13	14	13	15	0.542	0.542	0	0	273	980	2499
5	7	40	15	11	13	13	15	0.458	0.542	1	3	275.5	1042	2344
5	8	40	15	11	12	13	15	0.458	0.542	1	3	240.5	1103	2126
5	9	40	15	10	12	13	15	0.417	0.542	1	3	192	715	1076

6	6	40	24	22	23	22	24	0.629	0.629	0	0	4511	36225	59460
6	7	40	24	21	22	22	24	0.6	0.629	0	0	4349.5	29130	53845
6	8	40	24	20	22	22	24	0.571	0.629	0	0	5798.5	27773	40852
6	9	40	24	20	21	22	24	0.571	0.629	0	0	3990	21614	29451
6	10	40	24	19	21	22	24	0.543	0.629	0	0	2643.5	16433	28045
6	11	40	24	18	20	22	24	0.514	0.629	0	0	1885.5	9665	23049

7	7	40	35	32	34	33	35	0.667	0.688	0	0	60550.5	624167	1377116
7	8	40	35	31	33	33	35	0.646	0.688	0	0	55218	376321	830564
7	9	40	35	31	32	33	35	0.646	0.688	0	0	47489.5	427485	571241
7	10	40	35	30	32	33	35	0.625	0.688	0	0	14776	307353	548243
7	11	40	35	30	33	33	35	0.625	0.688	0	0	26113	233503	416706
7	12	40	35	29	31	33	35	0.604	0.688	0	0	11498.5	180058	435720

=== interpretation ===
d0_max = decoys with only start/finish flags (absolute ceiling for that solution set)
opt/cell = decoy density achievable at the SAME flag count by placing flags smartly