id	size	nodes	decoys	side	straight	back	decisions	mustTurn	mustTurnLive	turnCorrect	straightCorrect	mustTurnShare	side/dec	dec/cell	straightRunMax
1	4	112	5	4	1	0	5	3	1	8	6	0.13	0.8	0.33	2
2	4	321	7	4	3	0	5	4	4	9	5	0.44	0.8	0.33	2
3	4	76	5	5	0	0	5	3	0	7	7	0	1	0.33	2
4	4	114	6	5	1	0	4	4	3	9	5	0.33	1.25	0.27	2
5	4	197	6	3	3	0	5	4	3	10	4	0.3	0.6	0.33	2
6	4	239	7	4	3	0	5	4	4	9	5	0.44	0.8	0.33	2
7	4	130	5	4	1	0	4	2	1	7	7	0.14	1	0.27	2
8	4	169	6	4	2	0	4	5	4	11	3	0.36	1	0.27	2
9	4	145	5	4	1	0	4	2	1	7	7	0.14	1	0.27	2
10	4	174	6	4	2	0	5	5	3	10	4	0.3	0.8	0.33	2
11	5	392	11	9	2	0	8	8	3	14	9	0.21	1.13	0.33	3
12	5	353	9	9	0	0	7	3	1	10	13	0.1	1.29	0.29	3
13	5	890	11	10	1	0	10	6	2	12	11	0.17	1	0.42	3
14	5	128	9	6	3	0	5	7	4	11	12	0.36	1.2	0.21	3
15	5	343	9	8	1	0	8	9	2	14	9	0.14	1	0.33	3
16	5	779	12	9	3	0	9	5	4	10	13	0.4	1	0.38	3
17	5	365	10	7	3	0	8	5	4	10	13	0.4	0.88	0.33	3
18	5	875	12	10	2	0	9	4	3	10	13	0.3	1.11	0.38	3
19	5	1221	12	5	7	0	11	12	7	19	4	0.37	0.45	0.46	1
20	5	255	9	5	4	0	9	6	5	14	9	0.36	0.56	0.38	3
21	5	337	11	6	5	0	10	8	5	14	9	0.36	0.6	0.42	3
22	5	343	9	6	3	0	8	7	3	13	10	0.23	0.75	0.33	3
23	5	442	10	4	6	0	8	9	6	16	7	0.38	0.5	0.33	3
24	5	607	12	6	6	0	9	9	7	15	8	0.47	0.67	0.38	3
25	5	564	8	5	3	0	6	5	3	10	13	0.3	0.83	0.25	3
26	5	263	10	8	2	0	8	5	2	10	13	0.2	1	0.33	3
27	5	428	12	11	1	0	11	6	1	12	11	0.08	1	0.46	3
28	5	1053	10	6	4	0	7	9	6	14	9	0.43	0.86	0.29	3
29	5	677	10	9	1	0	9	5	2	11	12	0.18	1	0.38	3
30	5	530	12	8	4	0	8	9	5	16	7	0.31	1	0.33	3
31	5	628	10	7	3	0	8	7	5	13	10	0.38	0.88	0.33	3
32	5	792	11	10	1	0	10	8	1	14	9	0.07	1	0.42	3
33	5	870	9	7	2	0	7	5	3	10	13	0.3	1	0.29	3
34	5	431	11	9	2	0	10	5	3	9	14	0.33	0.9	0.42	3
35	5	411	10	8	2	0	8	4	2	10	13	0.2	1	0.33	3
36	6	1418	17	13	4	0	14	10	4	15	19	0.27	0.93	0.4	4
37	6	1019	16	11	5	0	15	12	7	17	17	0.41	0.73	0.43	4
38	6	867	16	12	4	0	13	10	5	18	16	0.28	0.92	0.37	4
39	6	811	15	10	5	0	13	13	7	22	12	0.32	0.77	0.37	4
40	6	1374	15	9	6	0	13	13	6	20	14	0.3	0.69	0.37	4
41	6	1021	14	9	5	0	11	12	7	20	14	0.35	0.82	0.31	2
42	6	1119	15	11	4	0	14	15	6	20	14	0.3	0.79	0.4	4
43	6	847	15	8	7	0	13	13	8	19	15	0.42	0.62	0.37	4
44	6	920	16	13	3	0	15	5	4	12	22	0.33	0.87	0.43	4
45	6	1372	14	7	7	0	12	13	8	20	14	0.4	0.58	0.34	4
46	6	1809	14	9	5	0	13	13	6	20	14	0.3	0.69	0.37	4
47	6	1095	14	10	4	0	12	10	7	18	16	0.39	0.83	0.34	4
48	6	3080	17	8	9	0	15	18	10	25	9	0.4	0.53	0.43	4
49	6	2573	17	9	8	0	12	12	8	20	14	0.4	0.75	0.34	4
50	6	1094	16	11	5	0	15	16	6	22	12	0.27	0.73	0.43	4
51	6	2194	14	11	3	0	13	9	4	15	19	0.27	0.85	0.37	4
52	6	4279	17	11	6	0	14	11	6	17	17	0.35	0.79	0.4	4
53	6	4356	18	13	5	0	18	11	5	17	17	0.29	0.72	0.51	4
54	6	2486	16	12	4	0	13	13	5	21	13	0.24	0.92	0.37	4
55	6	3322	16	11	5	0	11	14	9	22	12	0.41	1	0.31	4
56	6	2140	18	11	7	0	15	16	10	25	9	0.4	0.73	0.43	2
57	6	3151	16	10	6	0	13	11	6	18	16	0.33	0.77	0.37	4
58	6	4692	18	12	6	0	13	12	7	18	16	0.39	0.92	0.37	4
59	6	4953	18	15	3	0	17	8	3	13	21	0.23	0.88	0.49	4
60	6	4769	17	15	2	0	15	5	4	12	22	0.33	1	0.43	4
61	6	2809	16	13	3	0	13	9	3	15	19	0.2	1	0.37	4
62	6	6314	20	14	6	0	16	12	7	19	15	0.37	0.88	0.46	4
63	6	2427	17	9	8	0	16	12	8	18	16	0.44	0.56	0.46	4
64	6	4402	16	12	4	0	13	8	5	15	19	0.33	0.92	0.37	4
65	6	4963	17	15	2	0	16	10	3	16	18	0.19	0.94	0.46	4
66	6	7479	20	14	6	0	18	12	6	18	16	0.33	0.78	0.51	4
67	6	5827	16	13	3	0	14	10	4	16	18	0.25	0.93	0.4	4
68	6	9014	17	10	7	0	13	15	9	22	12	0.41	0.77	0.37	4
69	6	12896	19	18	1	0	17	7	2	14	20	0.14	1.06	0.49	4
70	6	10536	18	10	8	0	16	16	9	24	10	0.38	0.63	0.46	4
71	7	3574	22	17	5	0	20	18	8	26	21	0.31	0.85	0.42	5
72	7	8949	27	19	8	0	21	18	10	27	20	0.37	0.9	0.44	5
73	7	10162	23	15	8	0	18	16	11	24	23	0.46	0.83	0.38	5
74	7	13549	23	18	5	0	21	11	5	19	28	0.26	0.86	0.44	5
75	7	13351	24	16	8	0	18	21	11	29	18	0.38	0.89	0.38	5
76	7	15936	24	17	7	0	18	16	9	23	24	0.39	0.94	0.38	5
77	7	18647	25	19	6	0	19	13	8	20	27	0.4	1	0.4	5
78	7	21938	28	22	6	0	24	13	7	20	27	0.35	0.92	0.5	5
79	7	19912	25	19	6	0	20	17	9	27	20	0.33	0.95	0.42	5
80	7	22182	25	11	14	0	20	23	14	32	15	0.44	0.55	0.42	5
81	7	23231	25	15	10	0	18	24	11	32	15	0.34	0.83	0.38	3
82	7	22941	24	18	6	0	20	17	8	26	21	0.31	0.9	0.42	5
83	7	23538	25	17	8	0	20	17	9	26	21	0.35	0.85	0.42	5
84	7	29443	26	18	8	0	20	18	10	26	21	0.38	0.9	0.42	5
85	7	31938	26	21	5	0	23	14	6	20	27	0.3	0.91	0.48	5
86	7	35192	23	14	9	0	17	20	12	28	19	0.43	0.82	0.35	5
87	7	36885	27	19	8	0	21	18	9	25	22	0.36	0.9	0.44	5
88	7	46711	25	20	5	0	20	14	5	21	26	0.24	1	0.42	5
89	7	46203	25	15	10	0	19	17	10	24	23	0.42	0.79	0.4	5
90	7	56533	25	19	6	0	20	15	8	21	26	0.38	0.95	0.42	5
91	7	64062	27	18	9	0	20	19	10	27	20	0.37	0.9	0.42	5
92	7	84239	25	22	3	0	19	14	5	20	27	0.25	1.16	0.4	5
93	7	90640	27	22	5	0	25	15	7	22	25	0.32	0.88	0.52	5
94	7	100342	27	26	1	0	27	12	3	16	31	0.19	0.96	0.56	5
95	7	119739	26	23	3	0	25	11	3	17	30	0.18	0.92	0.52	5
96	7	131386	26	17	9	0	23	17	11	24	23	0.46	0.74	0.48	5
97	7	173586	25	14	11	0	19	21	12	29	18	0.41	0.74	0.4	5
98	7	181633	29	19	10	0	24	19	11	28	19	0.39	0.79	0.5	5
99	7	183279	26	21	5	0	21	15	6	23	24	0.26	1	0.44	5
100	7	218881	28	21	7	0	21	13	8	21	26	0.38	1	0.44	5

=== by decade (median) ===
dec	range	size	nodes	decoys	side	straight	back	decisions	mustTurnLive	turnCorrect	mustTurnShare	side/dec	dec/cell
dec1	1-10	4	157	6	4	1.5	0	5	3	9	0.3	0.9	0.33
dec2	11-20	5	378.5	10.5	8.5	2.5	0	8.5	3.5	11.5	0.33	1	0.35
dec3	21-30	5	486	10	6	3.5	0	8	4	13.5	0.3	0.84	0.33
dec4	31-40	5	839	13	9.5	3.5	0	11.5	4.5	14.5	0.3	0.91	0.37
dec5	41-50	6	1107	15	9	5	0	13	7	20	0.37	0.74	0.37
dec6	51-60	6	3800.5	17	11.5	5	0	13.5	5.5	17.5	0.33	0.86	0.39
dec7	61-70	6	6070.5	17	13	5	0	16	5.5	17	0.33	0.9	0.46
dec8	71-80	7	14742.5	24.5	17.5	6.5	0	20	9	25	0.38	0.9	0.42
dec9	81-90	7	33565	25	18	8	0	20	9	25.5	0.35	0.9	0.42
dec10	91-100	7	125562.5	26.5	21	6	0	22	7.5	22.5	0.34	0.91	0.46

=== within-size halves ===
4x4: decoys 6 -> 6 | straightDecoys 1 -> 2 | mustTurnLive 3 -> 3 | mustTurnShare 0.3 -> 0.3 | decisions 5 -> 4
5x5: decoys 10.5 -> 10 | straightDecoys 3 -> 2 | mustTurnLive 3.5 -> 3 | mustTurnShare 0.33 -> 0.3 | decisions 8.5 -> 8
6x6: decoys 15 -> 17 | straightDecoys 5 -> 5 | mustTurnLive 6 -> 5.5 | mustTurnShare 0.33 -> 0.33 | decisions 13 -> 15
7x7: decoys 25 -> 26 | straightDecoys 7 -> 7 | mustTurnLive 9 -> 8 | mustTurnShare 0.35 -> 0.37 | decisions 20 -> 21

=== ranges per size ===
4x4 decoys           min 5 med 6 max 7
4x4 straightDecoys   min 0 med 1.5 max 3
4x4 backDecoys       min 0 med 0 max 0
4x4 decisions        min 4 med 5 max 5
4x4 mustTurnLive     min 0 med 3 max 4
4x4 mustTurnShare    min 0 med 0.3 max 0.44
4x4 sidePerDecision  min 0.6 med 0.9 max 1.25
4x4 straightRunMax   min 2 med 2 max 2

5x5 decoys           min 8 med 10 max 12
5x5 straightDecoys   min 0 med 3 max 7
5x5 backDecoys       min 0 med 0 max 0
5x5 decisions        min 5 med 8 max 11
5x5 mustTurnLive     min 1 med 3 max 7
5x5 mustTurnShare    min 0.07 med 0.3 max 0.47
5x5 sidePerDecision  min 0.45 med 1 max 1.29
5x5 straightRunMax   min 1 med 3 max 3

6x6 decoys           min 14 med 16 max 20
6x6 straightDecoys   min 1 med 5 max 9
6x6 backDecoys       min 0 med 0 max 0
6x6 decisions        min 11 med 14 max 18
6x6 mustTurnLive     min 2 med 6 max 10
6x6 mustTurnShare    min 0.14 med 0.33 max 0.44
6x6 sidePerDecision  min 0.53 med 0.79 max 1.06
6x6 straightRunMax   min 2 med 4 max 4

7x7 decoys           min 22 med 25 max 29
7x7 straightDecoys   min 1 med 7 max 14
7x7 backDecoys       min 0 med 0 max 0
7x7 decisions        min 17 med 20 max 27
7x7 mustTurnLive     min 3 med 9 max 14
7x7 mustTurnShare    min 0.18 med 0.365 max 0.46
7x7 sidePerDecision  min 0.55 med 0.9 max 1.16
7x7 straightRunMax   min 3 med 5 max 5

=== correlation with log(nodes) ===
decoys           r=0.95
straightDecoys   r=0.61
backDecoys       r=NaN
decisions        r=0.93
mustTurnLive     r=0.63
mustTurnShare    r=0.27
sidePerDecision  r=-0.01
straightRunMax   r=0.85
nodes            r=0.73